%{
    amp1=5;
amp2=0;
amp3=5;
amp4=0;
amp5=5;
amp6=0;
%}
ts=0.001;
Vdc=582;